Epoch	AverageEpRet	StdEpRet	MaxEpRet	MinEpRet	AverageTestEpRet	StdTestEpRet	MaxTestEpRet	MinTestEpRet	EpLen	TestEpLen	TotalEnvInteracts	AverageQ1Vals	StdQ1Vals	MaxQ1Vals	MinQ1Vals	AverageQ2Vals	StdQ2Vals	MaxQ2Vals	MinQ2Vals	PiEntropy	TargEntropy	Alpha	LossPi	LossQ1	LossQ2	LossAlpha	Time
1	8.4	4.758151	14.0	2.0	6.2	2.993326	12.0	3.0	1830.2	1853.6	10000	19.768515	6.599419	38.903893	-1.589022	19.768976	6.599077	39.133698	-3.9986258	2.1269877	1.0986121	0.39421844	-20.557528	0.165184	0.15883932	-1.1288972	234.3299114704132
2	6.428571	2.6649654	11.0	2.0	7.1	1.6401219	11.0	5.0	1482.2858	1736.6	20000	21.241182	2.7078447	43.609222	-4.839679	21.241201	2.7089067	41.659378	-8.9366255	1.6079156	1.0986121	0.04111082	-21.31367	0.15089716	0.14832221	-1.5734016	480.2892186641693
3	5.714286	2.118914	8.0	1.0	11.9	3.207803	16.0	7.0	1472.1428	2731.9	30000	13.552633	2.309599	29.682749	-3.7499285	13.552645	2.309878	29.688467	-4.65345	1.1407084	1.0986121	0.009305073	-13.554565	0.061915934	0.061134417	-0.19551341	755.805577993393
4	5.428571	2.6108096	8.0	1.0	8.9	4.6357307	14.0	2.0	1369.8572	2554.3	40000	8.538815	1.405637	20.394476	-2.125245	8.538792	1.4058815	20.464283	-2.7961152	1.1129253	1.0986122	0.0063917995	-8.535628	0.025135392	0.02497375	-0.0734213	1016.5746269226074
5	11.8	5.74108	20.0	2.0	15.1	1.3747728	19.0	14.0	1997.8	3884.3	50000	5.5310626	0.9216819	11.522797	-1.4511633	5.531067	0.9219481	11.227441	-1.3489264	1.1094856	1.0986121	0.004629001	-5.527777	0.0115602035	0.011354192	-0.058262955	1320.7036850452423
6	8.5	4.3301272	14.0	2.0	13.2	4.422669	19.0	4.0	2052.25	3176.6	60000	3.7163157	0.65538216	8.644954	-1.1239641	3.7163038	0.6554406	8.745127	-1.0492387	1.1079203	1.0986121	0.003988631	-3.711632	0.006771682	0.0067897392	-0.051248655	1588.4555110931396
7	11.4	1.356466	13.0	9.0	9.1	3.5902646	13.0	3.0	2238.2	2402.7	70000	2.43481	0.59745455	5.753488	-0.7226966	2.4348302	0.5974514	5.9323606	-0.7762692	1.1048528	1.0986122	0.0033156676	-2.4289765	0.0044614486	0.0044396124	-0.03517773	1890.529215335846
8	9.666667	4.109609	15.0	5.0	0.3	0.90000004	3.0	0.0	2662.3333	16373.6	80000	1.6148905	0.47992268	2.7237108	-0.47693044	1.61491	0.47988263	2.6307368	-0.5692062	1.1023006	1.0986121	0.0031079412	-1.6092457	0.0036689502	0.003654317	-0.021024592	2524.3978707790375
9	15.333333	8.576453	26.0	5.0	0.0	0.0	0.0	0.0	3770.3333	18000.0	90000	1.0995022	0.40396	2.418165	-0.26023185	1.0994923	0.4039477	2.2654274	-0.30495378	1.1051183	1.0986121	0.002926658	-1.0943584	0.0026321881	0.0026426194	-0.037926763	3272.106011867523
10	10.5	4.031129	15.0	6.0	5.6	3.0066595	12.0	2.0	2747.75	18000.0	100000	0.70684224	0.32243758	2.0161145	-0.14040437	0.70685625	0.32243964	1.9985808	-0.16394508	1.1027663	1.0986121	0.0026274163	-0.7020996	0.0019919465	0.0019866666	-0.02471881	4006.2228186130524
11	9.2	3.7094474	14.0	4.0	7.5	2.7658634	14.0	4.0	1854.8	1670.6	110000	0.47485468	0.25204346	1.6829427	-0.15194073	0.474874	0.25208107	1.7524841	-0.1430225	1.0983833	1.0986121	0.002391101	-0.47026244	0.0017032217	0.0016753371	0.0014502546	4255.217094898224
12	6.285714	2.7627256	12.0	3.0	11.5	3.442383	18.0	7.0	1460.4286	2304.8	120000	0.33364257	0.20553683	2.043148	-0.13591024	0.33365098	0.20559974	2.217695	-0.12762943	1.1030807	1.0986121	0.0021957944	-0.32963872	0.0015813353	0.0015618745	-0.027062193	4535.860981702805
13	7.0	4.427189	15.0	2.0	10.2	3.3704598	16.0	5.0	1792.8	1861.1	130000	0.26008677	0.1758142	3.5246274	-0.20488366	0.2600957	0.17601052	3.4350238	-0.14216387	1.1003292	1.0986121	0.0021350705	-0.2563672	0.0015548386	0.0015280719	-0.010535503	4782.420793294907
14	6.857143	3.562847	13.0	2.0	0.3	0.90000004	3.0	0.0	1535.2858	18000.0	140000	0.22114363	0.1496201	2.509559	-0.17855945	0.22114785	0.14965118	2.4046764	-0.16863406	1.0979455	1.0986121	0.002072433	-0.21793164	0.0014711213	0.001463841	0.004231664	5516.777586936951
15	16.0	8.164966	26.0	6.0	6.9	4.570558	15.0	2.0	3373.6667	6964.4	150000	0.20284528	0.1407017	2.7516336	-0.2008075	0.20285973	0.14074813	2.9610612	-0.2205458	1.0967457	1.0986121	0.0019926713	-0.19985323	0.0014253319	0.0014148352	0.011575515	5925.861590623856
16	10.2	2.0396078	13.0	8.0	0.0	0.0	0.0	0.0	2125.6	18000.0	160000	0.21225294	0.14833647	3.026662	-0.22244367	0.21226792	0.14846765	3.0372055	-0.23087826	1.0980858	1.0986121	0.002156951	-0.20937128	0.0014901618	0.0014589312	0.00329676	6659.657829999924
17	11.8	4.749737	18.0	4.0	10.8	4.069398	15.0	4.0	2021.4	2428.1	170000	0.20827256	0.15373787	4.279452	-0.20173895	0.20829968	0.15384622	3.5774257	-0.21203919	1.104231	1.0986121	0.0020426107	-0.20514318	0.0014100933	0.0013985743	-0.034708086	6941.887194633484
18	7.0	2.1602468	11.0	4.0	9.9	3.7	15.0	4.0	1520.5	2120.4	180000	0.20028652	0.15569156	2.1995425	-0.19941562	0.20028108	0.15549088	2.623724	-0.21357848	1.0956193	1.0986121	0.002024247	-0.19712524	0.0013418735	0.0013796771	0.018685518	7198.529896974564
19	8.166667	3.0230594	13.0	4.0	10.3	5.1195703	17.0	4.0	1744.5	9106.3	190000	0.19706793	0.16191307	2.040396	-0.23062995	0.19708201	0.16167669	2.3625433	-0.23739111	1.0955029	1.0986121	0.002093995	-0.1937277	0.0013621884	0.0014039698	0.019226782	7680.290617227554
20	9.0	3.34664	15.0	5.0	10.2	3.6	15.0	3.0	1679.8	2004.4	200000	0.18975033	0.1611753	2.1677866	-0.23554476	0.18979095	0.16089024	2.3746798	-0.2527639	1.1030995	1.0986121	0.002119432	-0.18633077	0.0013062004	0.0013487384	-0.027700735	7924.906377792358
21	9.142858	3.0904725	14.0	5.0	8.2	3.1241	12.0	4.0	1753.8572	16370.9	210000	0.17993662	0.1625889	2.2690766	-0.24479721	0.17993878	0.16238609	2.3880937	-0.24650985	1.0991871	1.0986121	0.001984456	-0.17625923	0.001252009	0.0012814994	-0.0035345305	8649.473073720932
22	11.5	3.095696	15.0	7.0	12.6	4.7791214	23.0	6.0	1748.5	1673.7	220000	0.1745448	0.1664693	1.7782681	-0.28967384	0.17454389	0.16619843	2.0803301	-0.26643223	1.1009741	1.0986122	0.0019937642	-0.17089812	0.001224882	0.0012744643	-0.014742139	8924.568890333176
23	9.428572	5.900536	18.0	0.0	12.0	4.427189	18.0	3.0	1337.1428	1594.1	230000	0.17044823	0.17079301	1.8871471	-0.31306842	0.17045711	0.1705595	2.1996047	-0.31830487	1.0939599	1.0986121	0.0019031822	-0.16670746	0.0012112267	0.0012562583	0.029087896	9176.127314090729
24	12.142858	3.562847	16.0	5.0	13.0	2.48998	15.0	7.0	1478.2858	1612.8	240000	0.17007604	0.17495196	2.437531	-0.29646704	0.17008904	0.17466703	2.1349106	-0.2860664	1.0998315	1.0986122	0.0019151707	-0.1661112	0.0012728566	0.001314608	-0.007536848	9445.281030416489
25	12.428572	3.0639443	14.0	5.0	13.1	5.2810984	25.0	5.0	1386.0	4845.3	250000	0.1738783	0.17923275	2.0967069	-0.21734911	0.17392074	0.17893004	2.133138	-0.22834383	1.1063099	1.0986121	0.0019066521	-0.16997829	0.001202269	0.0012598652	-0.048451193	9794.634274244308
26	13.428572	3.7742412	18.0	6.0	17.0	4.7116876	27.0	8.0	1503.2858	1797.3	260000	0.17677572	0.1887715	1.898202	-0.23082544	0.17677149	0.18853058	1.8715926	-0.21952657	1.0924726	1.0986121	0.001986989	-0.17314143	0.0012322469	0.0012657039	0.038769424	10075.223552465439
27	11.714286	5.1745057	15.0	0.0	16.0	2.0976176	20.0	13.0	1258.5714	1681.6	270000	0.1898479	0.19910498	1.8626367	-0.2063005	0.18986852	0.19888273	1.8638582	-0.2120405	1.0985651	1.0986121	0.0019304128	-0.1859738	0.0011740688	0.001223388	0.0003352898	10318.100829601288
28	13.285714	4.463	19.0	6.0	16.5	2.3345234	22.0	14.0	1550.4286	1761.9	280000	0.18913482	0.2122189	1.7512857	-0.23590633	0.18912286	0.21203549	1.7676086	-0.22713238	1.1021497	1.0986121	0.0019013496	-0.18480624	0.0011797795	0.0012316676	-0.022200378	10603.188624382019
29	13.285714	4.1305237	17.0	6.0	14.2	2.0880613	18.0	11.0	1467.7142	1667.1	290000	0.17416441	0.216977	1.6862437	-0.27825457	0.17415255	0.21680205	1.6974105	-0.28708726	1.0997598	1.0986121	0.001794321	-0.16926053	0.0011881423	0.0012177886	-0.007234008	10872.69339299202
30	13.0	4.725816	18.0	3.0	16.1	4.1097445	25.0	9.0	1586.3334	11510.1	300000	0.16361867	0.22360206	1.9762123	-0.3279429	0.16361155	0.22353444	1.9022772	-0.32786217	1.0947932	1.0986121	0.0019138816	-0.15904744	0.001218622	0.0012325195	0.024115957	11406.611998319626
31	15.833333	4.0173235	20.0	10.0	17.8	4.874423	26.0	10.0	1697.5	5235.4	310000	0.15639263	0.2309163	1.703966	-0.4368397	0.1563822	0.23081721	1.9092462	-0.380799	1.0977404	1.0986121	0.0018318599	-0.15119234	0.0012761466	0.0012942366	0.005512681	11776.900708198547
32	14.333333	4.1499667	21.0	7.0	14.7	2.4103942	20.0	10.0	1545.0	1681.5	320000	0.13878098	0.23447819	1.7465764	-0.4495412	0.13876744	0.23448955	1.7272063	-0.4369231	1.099931	1.0986121	0.0018682132	-0.13333288	0.0012731056	0.0012590602	-0.008243785	12033.85475564003
33	15.666667	3.3499587	21.0	10.0	16.9	3.7	24.0	9.0	1775.8334	1745.4	330000	0.13074762	0.23869534	1.5795766	-0.49177992	0.13074465	0.23870869	1.6466172	-0.4862826	1.0916113	1.0986121	0.0019032236	-0.12545241	0.0012615661	0.0012598729	0.04356299	12315.124916315079
34	15.5	4.1932487	22.0	8.0	17.5	3.8275318	27.0	15.0	1506.1666	1676.3	340000	0.14061104	0.2456309	1.7067267	-0.520787	0.14059147	0.24561593	1.577415	-0.49592626	1.100653	1.0986121	0.0020777567	-0.13543631	0.0012736626	0.0012823868	-0.0125517305	12561.87880039215
35	16.0	1.8257419	19.0	14.0	15.1	0.29999998	16.0	15.0	1889.0	1583.0	350000	0.14924355	0.24740677	1.69948	-0.5605186	0.14923792	0.24740079	1.7372751	-0.5390161	1.1011968	1.0986122	0.0020563789	-0.14412524	0.0012764427	0.0012674404	-0.01601525	12851.45475935936
36	12.285714	4.7121205	15.0	1.0	17.9	3.5341194	26.0	14.0	1378.4286	1700.0	360000	0.15277897	0.2496168	1.7510606	-0.6460326	0.15279442	0.24951722	1.847618	-0.61858904	1.0939351	1.0986121	0.002004222	-0.14737019	0.0012746861	0.0013038256	0.02899822	13112.183460474014
37	18.0	7.3484693	30.0	6.0	17.1	3.0479503	24.0	15.0	1643.8334	5020.1	370000	0.151708	0.25522012	1.7232552	-0.59931463	0.15169546	0.25514063	1.7390481	-0.6119879	1.1020045	1.0986121	0.0020521183	-0.14599253	0.0013175824	0.0013426665	-0.020953054	13470.795790195465
38	16.333334	2.1343746	19.0	13.0	17.3	3.4942808	27.0	15.0	1537.3334	4885.2	380000	0.1408172	0.25579172	1.5185196	-0.6581029	0.14081497	0.255754	1.6345243	-0.68367606	1.097478	1.0986121	0.0020496363	-0.13480137	0.0013216054	0.0013285953	0.0070657604	13812.978435754776
39	19.5	2.6299555	24.0	17.0	17.4	2.7276363	22.0	15.0	1795.1666	1669.9	390000	0.13567357	0.25938275	1.470691	-0.6991178	0.1356848	0.25932008	1.6229181	-0.72590256	1.094659	1.0986121	0.0021399716	-0.12999776	0.001313321	0.001320049	0.024366207	14096.936791181564
40	18.6	4.8414874	25.0	10.0	17.3	3.9509492	27.0	15.0	1758.6	1663.0	400000	0.13501194	0.26982942	1.630758	-0.6861734	0.13500804	0.26976126	1.5654765	-0.68935454	1.1061335	1.0986121	0.002081467	-0.12878385	0.0013515287	0.0013683183	-0.046399493	14341.758877038956
41	17.0	2.6726124	22.0	15.0	17.3	4.2906876	29.0	15.0	1593.0	11460.9	410000	0.11522211	0.27443168	1.596529	-0.6782983	0.115249604	0.27441671	1.6956671	-0.71426815	1.0945332	1.0986121	0.0021190671	-0.10879381	0.0013841613	0.0013945806	0.02527902	14911.467367649078
42	16.571428	2.1285236	20.0	14.0	19.7	5.3301034	33.0	15.0	1444.7142	3309.7	420000	0.11576525	0.27967113	1.7033428	-0.6519475	0.11577479	0.27963543	1.5913901	-0.66213715	1.1011561	1.0986121	0.0021671497	-0.109471746	0.001409339	0.001422245	-0.015665138	15228.16530418396
43	18.833334	6.5933466	30.0	10.0	19.1	3.5341194	26.0	14.0	1560.3334	1736.4	430000	0.12109771	0.28817376	1.6411339	-0.65501475	0.12110312	0.28814203	1.703771	-0.67237866	1.0924433	1.0986121	0.00220814	-0.11444113	0.0014381477	0.0014406436	0.037921008	15486.152712345123
44	18.5	1.7078252	20.0	15.0	17.4	5.517246	33.0	13.0	1688.1666	1620.6	440000	0.11995956	0.29202366	1.6202545	-0.69241893	0.11997112	0.29203835	2.0644686	-0.70120627	1.0979047	1.0986121	0.0022985279	-0.11316299	0.0015176445	0.0015193606	0.0043411865	15753.82843875885
45	19.833334	5.669117	29.0	15.0	2.1	6.2999997	21.0	0.0	1810.6666	16392.9	450000	0.12477341	0.29932743	1.6416295	-0.6687567	0.12478262	0.2992706	1.7044071	-0.6494946	1.0960115	1.0986122	0.002424663	-0.11794343	0.0015071422	0.0015270875	0.015785715	16456.0610370636
46	18.6	5.607138	29.0	14.0	21.2	5.635601	31.0	15.0	1799.0	5123.8	460000	0.12839659	0.30364218	1.7957448	-0.6488518	0.12840252	0.30362427	1.597421	-0.62237203	1.097325	1.0986121	0.0023976592	-0.12133811	0.0015133936	0.0015215669	0.0077781403	16799.817254066467
47	16.571428	2.5555062	22.0	14.0	21.6	4.90306	29.0	15.0	1461.2858	1808.6	470000	0.13164388	0.30619484	1.9043912	-0.61813986	0.13164149	0.3061598	1.9425343	-0.60229194	1.0998114	1.0986121	0.0023961982	-0.12450976	0.001518667	0.0015294532	-0.007187036	17074.163930416107
48	18.0	4.690416	28.0	12.0	21.8	4.9152822	30.0	15.0	1517.1428	1805.3	480000	0.13781506	0.31447947	1.8327605	-0.6272626	0.13780755	0.31443873	1.6151254	-0.59806526	1.0973885	1.0986121	0.0024652337	-0.13038248	0.0015279431	0.0015378774	0.0074017327	17359.041175365448
49	17.0	4.7207747	22.0	9.0	21.6	4.8414874	30.0	15.0	1458.7142	1696.1	490000	0.14299709	0.3216001	1.6399434	-0.6151339	0.14300272	0.32157683	1.6584674	-0.59184515	1.0970621	1.0986121	0.002438036	-0.13531294	0.0015307402	0.0015391136	0.009323261	17632.89376115799
50	15.857142	6.555882	26.0	3.0	19.8	6.029925	29.0	9.0	1437.5714	6714.3	500000	0.15393397	0.32863167	1.5618142	-0.59004474	0.15395726	0.3285859	1.5738118	-0.57547975	1.0966867	1.0986121	0.0025158662	-0.14624406	0.0015684138	0.0015853737	0.011523739	18045.84378027916
51	17.285715	9.48253	30.0	1.0	21.5	4.2720017	28.0	15.0	1391.4286	1725.0	510000	0.15944974	0.33804625	1.7164708	-0.59893775	0.15945707	0.3380029	1.7884849	-0.57567555	1.099049	1.0986121	0.0025493014	-0.15158086	0.0015979348	0.0016062035	-0.0025664954	18314.39492082596
52	18.166666	6.76798	30.0	8.0	21.5	5.9707623	30.0	14.0	1384.8334	3515.0	520000	0.15516038	0.3467112	1.7452198	-0.61061037	0.15516865	0.3466955	1.6646926	-0.6800224	1.1045405	1.0986121	0.0023850827	-0.14633854	0.0016432427	0.001651401	-0.035547182	18604.040962934494
53	21.333334	4.027682	28.0	15.0	21.2	5.2306786	29.0	15.0	1767.0	1813.9	530000	0.15165952	0.35649216	1.6117432	-0.654814	0.15164322	0.35644916	1.7191575	-0.61806166	1.0936612	1.0986121	0.002544558	-0.14290242	0.0016738664	0.001696268	0.029742468	18891.964655160904
54	21.666666	5.3748384	29.0	15.0	22.2	7.166589	31.0	8.0	1742.5	5158.9	540000	0.15542458	0.36033982	1.7900437	-0.6727114	0.15543233	0.360231	1.7444272	-0.6951311	1.0956023	1.0986122	0.002580218	-0.14643526	0.0016298067	0.0016689165	0.01789003	19271.073495864868
55	15.428572	3.016959	22.0	11.0	22.5	5.818075	35.0	15.0	1389.0	1771.3	550000	0.15496376	0.36873826	1.8544259	-0.7260896	0.1549803	0.3687144	1.7976747	-0.6517307	1.1006411	1.0986121	0.0026229215	-0.14576803	0.00167462	0.0016925207	-0.011985936	19538.09521842003
56	20.428572	1.3997084	22.0	18.0	22.9	6.624953	38.0	15.0	1569.1428	1843.0	560000	0.1603999	0.38125828	1.781471	-0.77890307	0.16041024	0.381186	1.7403919	-0.73858935	1.0984895	1.0986121	0.0025823445	-0.1508897	0.0016852107	0.001708242	0.0007561762	19832.189034461975
57	21.0	8.563489	30.0	4.0	22.0	4.669047	29.0	15.0	1599.1666	1738.7	570000	0.16323937	0.38448915	1.7758678	-0.76075035	0.16323632	0.3844425	1.8167871	-0.718073	1.0981567	1.0986121	0.002581065	-0.15361436	0.0016892819	0.0016984073	0.0027321752	20097.933180570602
58	20.5	5.4390564	29.0	14.0	3.9	7.8032045	20.0	0.0	1687.3334	14709.6	580000	0.1742841	0.39006034	1.829487	-0.79625255	0.17429382	0.3900065	1.8316755	-0.74169314	1.1032801	1.0986121	0.0026981165	-0.16466673	0.0016866821	0.0016994529	-0.027791614	20742.520647525787
59	24.666666	9.42809	38.0	12.0	23.3	4.243819	30.0	18.0	1687.5	1884.8	590000	0.18269564	0.40119797	1.8678002	-0.7934785	0.18268774	0.4010756	1.9868934	-0.8326266	1.0993637	1.0986121	0.0025902055	-0.17296012	0.0016415967	0.001698475	-0.004496424	21025.340976953506
60	22.166666	7.2437716	32.0	10.0	24.4	5.678028	30.0	15.0	1554.5	1875.1	600000	0.19575	0.40866345	1.9423504	-0.75428635	0.1957749	0.40856296	1.7929078	-0.7605877	1.0975817	1.0986121	0.0025477565	-0.1856142	0.0016715565	0.0017006494	0.0062353783	21291.384813785553
61	22.666666	5.120764	30.0	15.0	20.8	5.5461698	32.0	15.0	1669.8334	1705.1	610000	0.21570362	0.4123962	1.8194381	-0.77099234	0.21569481	0.4123489	1.9567313	-0.82503086	1.0980852	1.0986121	0.0026969332	-0.2059692	0.0016392479	0.0016732416	0.003196723	21564.347255706787
62	22.166666	4.9469404	31.0	16.0	3.5	7.0887237	20.0	0.0	1676.3334	14703.8	620000	0.23204246	0.41792637	1.9406887	-0.7883843	0.2320385	0.41783255	1.9259027	-0.77822423	1.0987477	1.0986121	0.0025122417	-0.2217661	0.0016477912	0.0016757336	-0.0007833851	22194.38528895378
63	23.4	5.535341	30.0	15.0	3.0	9.0	30.0	0.0	1840.0	16441.1	630000	0.24188623	0.4291862	1.9912014	-0.87529916	0.24188079	0.42907992	2.0846956	-0.9101676	1.0901244	1.0986121	0.0026841613	-0.23157153	0.0016792062	0.0017192122	0.050288834	22857.35777950287
64	27.8	14.496897	55.0	15.0	2.0	6.0	20.0	0.0	2136.8	16359.2	640000	0.24849094	0.432734	1.9914694	-0.9387	0.24848852	0.4326466	2.086732	-0.9485049	1.1009986	1.0986122	0.0027622255	-0.23808405	0.0016803816	0.0017156249	-0.013989785	23559.9722802639
65	22.333334	5.7057476	30.0	15.0	26.5	6.3600316	39.0	15.0	1822.1666	1858.5	650000	0.25603357	0.44001245	1.9585481	-0.8656795	0.25603598	0.43996453	1.9723192	-0.8900919	1.1006979	1.0986121	0.0026462162	-0.2454437	0.001676851	0.0016981964	-0.012316277	23853.507752418518
66	20.666666	8.279828	30.0	5.0	22.7	4.9809637	29.0	15.0	1612.6666	1764.0	660000	0.2649746	0.4418433	2.0546086	-0.8919748	0.26496056	0.44175017	2.0528266	-0.92836994	1.0999172	1.0986121	0.0028233514	-0.2546209	0.0016271148	0.0016629348	-0.007758872	24121.192929506302
67	22.0	8.082904	30.0	7.0	4.7	9.5294285	27.0	0.0	1654.5	14767.0	670000	0.2712126	0.44596502	2.0133395	-0.8421067	0.27122983	0.44589937	2.041631	-0.8467155	1.0941542	1.0986121	0.0027144533	-0.26060364	0.0016250549	0.0016497753	0.026445067	24767.303641319275
68	21.666666	4.955356	30.0	15.0	21.3	6.0506196	30.0	14.0	1686.1666	1607.6	680000	0.27705362	0.44971913	2.2424598	-0.85911185	0.27702075	0.44964537	2.1972787	-0.837497	1.1004323	1.0986121	0.002752099	-0.26657677	0.0016062569	0.0016446763	-0.010714236	25038.496614217758
